0
0
0
0
0
0
0
0
0
0
0
0
0
0
0
0
0
0
0
0
0
0
0
0
0
0
0
0
0
0
0
0
0
0
0
0
0
0
0
0
0
0
0
0
0
0
0
0
0
0
0
0
0
0
0
0
0
0
0
0
0
0
0
0
0
4.581005151747316
20.006055163857976
39.128957093984674
31.669666722275682
46.588139824080166
90.9243330701884
143.21820276675993
220.7697049307119
372.21879530609266
613.865429492622
985.989562841334
1499.5311503948722
2178.410146941767
2986.4665070340607
3937.5601861608334
4971.6311397086465
6012.199322836663
6947.984690490801
7722.947198681817
8263.126803158293
8526.263459454098
8545.977123550427
8353.007753530812
7951.375307463238
7413.419743185848
6744.56101815572
6005.3790895731745
5258.953914330131
4541.965448930711
3862.653649614199
3242.5984727157165
2706.879877178246
2211.257821824725
1796.8722651244689
1446.2431652580601
1162.630480296093
936.4341738702618
756.9542099967355
625.2905524558339
525.5031648075478
427.2720111009658
356.3170552953123
300.47826347315265
246.43560555921707
223.00905511458146
210.07858991741455
176.08418765317464
151.9258257888138
144.50348146332192
128.45713148889322
130.84675243930369
119.83232061666605
117.9738120630965
114.17120253978783
100.72446738419511
86.91358163705128
83.29852010940692
82.15925766368889
97.535769868115
83.40803480661586
73.69603024963462
67.45973408068616
61.099123980742846
66.01417732119914
61.024872153637205
66.89118697327591
59.193100052436385
56.65058997488699
55.363637092295214
45.03222140225963
0
0
0
0
0
0
0
0
0
0
0
0
0
0
0
0
0
0
0
0
0
0
0
0
0
0
0
0
0
0
0
0
0
0
0
0
0
0
0
0
0
0
0
0
0
0
0
0
0
0
0
0
0
0
0
0
0
0
0
0
0
0
0
0
0
0
0
0
0
0
0
0
0
0
0
0
0
0
0
0
0
0
0
0
0
0
0
0
0
0
0
0
0
0
0
0
0
0
0
0
0
0
0
0
0
0
0
0
0
0
0
0
0
0
0
