46.86752046796757
50.08504933947879
53.84190391499664
57.98774351837888
62.325474353714114
66.62618950059803
70.5944231343189
73.90854050469467
76.26177510442488
77.44369151671958
77.29601022492241
75.61421682567935
72.16738333908107
66.89048872724089
59.990110525444734
51.84916881882644
43.030747535157516
34.20606480216991
25.977545095646143
18.760917592584747
12.815751839096421
8.263585592280219
5.0866332755922095
3.1286332897044904
2.084338345457647
1.6173419553880612
1.4691609440633533
1.4956393147142353
1.6180978008018498
1.8045960281020506
2.040858250981696
2.317791300623001
2.637443148222286
3.0053958397157237
3.425719259221914
3.899215477245222
4.420884263639337
4.976305633817771
5.553044685755003
6.141084054776778
6.741647647370719
7.3537813215638925
7.965271860833161
8.545513512518365
9.069253937522593
9.497920252099803
9.812933566041684
10.020360186987418
10.131306007516095
10.119138530031822
9.959605812852367
9.610963087023027
9.035847181979179
8.214408911030008
7.16041850765532
5.92484573727117
4.6232859486102145
3.3778524119812463
2.2885066933022515
1.4362051370785855
0.8431299441035969
0.4670375011356757
0.24313879193675528
0.11510684351182915
0.039235806532007464
-0.004100928744231749
-0.028722854103543465
-0.043019965336880545
-0.04991191208725286
-0.05226763099183809
-0.05577731757618995
-0.05803194248840582
-0.05383061811486063
-0.053243067732602706
-0.052643675757888336
-0.05194752158959344
-0.04697484982675276
-0.048489823930902815
-0.046244347158981194
-0.04267814705745194
-0.03798640046090178
-0.03562892260297805
-0.03382899880535692
-0.028605872354361468
-0.02529523622682337
-0.022303928783777887
-0.01987112192256347
-0.013142057684671644
-0.012720778024490398
-0.013369801190737824
-0.009952164190951402
-0.010082009325758597
-0.009035458484418819
-0.010180254170898963
-0.005046452878986677
-0.006646711334838988
-0.003905275059718434
-0.0024872224872177504
0.0001453122260808436
0.000993991353612303
0.0017725992486952794
-0.001033216180860088
-0.0018980083713438056
-0.0016524807388712285
-0.004300852969642103
-0.0035376508096261667
-0.002370323813611432
-0.0009245527215971013
0.0032699620781948893
0.0029708760668561455
0.004939904335061038
0.006335100847360347
0.001397782271347922
-0.0003801468411065046
0.0018365246341096716
-0.00016992163546093535
-0.00021835188476982163
0.0033811216992584193
0.004785531831794769
0.0061770471804681246
0.009601362700948402
0.010969753926034598
0.01035645493672091
0.00880928726820106
0.006251022727379423
0.0044900525676956704
0.00432253299600603
0.004202835724503013
0.005265220933388765
0.004105354733269662
0.002251948726665949
-0.001330086279942219
-0.0016239249075489142
-0.00204995558380416
0.0013324276565384724
0.0020864583685400173
0.006146911069305671
0.009017238760948284
0.006494027996638169
0.003279893746931589
0.004817286650849663
0.0
