176.0394990975865
158.34937708406366
137.5068533732117
115.00037988774598
92.73102066521034
72.27919239022978
54.451134583594126
39.4910346945924
27.554216661010933
18.485837389880565
11.982883964413405
7.583170507829941
4.798462401885328
3.153400879320986
2.2510087246147057
1.7984490855230475
1.6209817478311235
1.6130667482618324
1.717180889054097
1.8978413644562067
2.1451971605553504
2.45090068588743
2.810034685198997
3.217800911194596
3.6680291506583558
4.159534933189132
4.695418263089994
5.282078172651954
5.921674055578503
6.5924541839520545
7.288945015210139
7.991421532354311
8.70587837182453
9.449830111064845
10.1994168161408
10.909138084966854
11.495754059756207
11.87997096860698
12.07220396649017
12.151151481078205
12.068961093402212
11.769391021358803
11.254800447036406
10.503290772919371
9.489618215746304
8.261611805873306
6.840534360772508
5.349508050715058
3.9144677663081064
2.6064321488006916
1.532341242493233
0.8281590584373072
0.44140825769369224
0.2407238268265664
0.1349277510544535
0.0722448691145679
0.037392759707176315
0.019693621128290838
0.008536454770300147
0.0033851967088689306
0.000251987087311457
-0.0019050476301125986
-0.0005316804832528196
-0.0022157149882987984
-0.005316175497981886
-0.0006067660183868607
0.0018691066926649852
0.001670473595566525
0.00781460569471292
0.01134856472516042
0.011552179052917947
0.011011293112238876
0.012270530485324688
0.007874820276244388
0.009299086715784244
0.00943408368119182
0.01524341803613354
0.017150411929501296
0.022802483467525135
0.025878131763191408
0.02600278844681456
0.02595386710222616
0.026742453885330652
0.02822661258927263
0.028907817009636707
0.03089993767939081
0.02933136866935287
0.03162623646214853
0.030955576942278157
0.02942430792446911
0.026756906632863103
0.024471082913860187
0.02551287890758874
0.02368227531660759
0.026655656105484867
0.02942790380754034
0.0312428807752513
0.03127208130197032
0.03076897138742926
0.02981059593236587
0.030312888858099483
0.02674383819016708
0.019973226420608656
0.021014724323887558
0.017202541487314975
0.013073775950898528
0.012261280108080372
0.013557705663960083
0.01423624486642268
0.01463722202006268
0.015378228710426772
0.015116383094665614
0.01123715645451304
0.008592425695636716
0.004724361904841902
0.00234672889668648
0.003435855633600564
0.005399438373045076
0.008125031852192176
0.009242794028149625
0.010352296682495224
0.01212389185473098
0.01391194186137096
0.008864503720576228
0.008124413236459179
0.0041150255661512045
0.003122125646586251
0.004924358793648142
0.00902625348065607
0.008464010394642809
0.011878038903785821
0.01410983424138204
0.008617341859644618
0.012432605039522386
0.013259711595475931
0.013303308109600466
0.012352403444814447
0.016568993813265872
0.008103968274383816
0.008532297848997906
0.0073684923370842415
0.0
